25 2.14210194E+00   -1.52450239E+00  8.94391287E-01   2.32595006E+09 9.43659895E-01 7.93606406E-01   4.94381703E+07 6.09557524E+00
26 2.23439941E+00   -1.48957464E+00  8.24575825E-01   2.62036252E+09 1.04567146E+00 7.87100688E-01   4.14211656E+07 6.60206621E+00
27 2.38015340E+00   -1.36939267E+00  7.44140226E-01   3.12438992E+09 1.19949259E+00 6.88709296E-01   5.42812092E+07 6.00448322E+00
28 2.53513003E+00   -1.31939119E+00  8.10199979E-01   3.67292844E+09 1.24111588E+00 6.71267918E-01   7.81599780E+07 5.40267656E+00
29 2.68105280E+00   -1.27948391E+00  7.69878182E-01   4.66721553E+09 8.69973055E-01 5.26554162E-01   4.14588939E+07 7.22764635E+00
30 2.83506079E+00   -9.19314271E-01  7.00590339E-01   5.48865418E+09 7.52906741E-01 4.35528954E-01   6.85777616E+07 5.69656158E+00
31 2.97675957E+00   -9.27155077E-01  6.93465332E-01   6.35056522E+09 6.01957067E-01 4.34095180E-01   6.76321322E+07 5.69430723E+00
32 3.12521664E+00   -9.96726736E-01  7.83419028E-01   6.89663104E+09 5.99112097E-01 4.57977244E-01   5.40491527E+07 6.26189160E+00
33 3.28071066E+00   -9.56104738E-01  5.99231795E-01   7.37597021E+09 5.74762065E-01 4.56318905E-01   2.74364203E+07 8.58765322E+00
34 3.44351676E+00   -1.24505848E+00  4.39725880E-01   7.69075933E+09 6.04910124E-01 4.65162282E-01   1.63438817E+07 1.12369636E+01
35 3.58910175E+00   -1.14447854E+00  4.53746992E-01   8.12558392E+09 5.92396516E-01 4.64177207E-01   1.22842101E+07 1.35658778E+01
36 3.74044324E+00   -7.67443003E-01  3.72409209E-01   8.67184589E+09 6.22589747E-01 4.83362517E-01   1.04989127E+07 1.51186918E+01
37 3.89772404E+00   -1.21300505E+00  2.60444215E-01   9.20178127E+09 6.11018289E-01 4.69264459E-01   6.44308177E+06 1.92913099E+01
38 4.03345629E+00   -1.07603561E+00  4.23889512E-01   1.05832838E+10 4.57066036E-01 4.17764660E-01   5.98814267E+06 1.97861022E+01
39 4.20208812E+00   -6.89738734E-01  2.07675448E-01   1.13651802E+10 5.28938745E-01 3.82274800E-01   8.37442905E+06 1.70224727E+01
40 4.28880821E+00   -5.82284843E-01  2.08996386E-01   1.22241080E+10 5.54425528E-01 3.87360264E-01   1.25119754E+07 1.43878234E+01
41 4.49753845E+00   -1.41670537E-01  3.22281636E-01   1.32941983E+10 5.47100258E-01 3.89284961E-01   1.29035581E+07 1.40175708E+01
42 4.65222047E+00    5.16959306E-01  3.46095520E-01   1.42870704E+10 5.12224285E-01 3.95116218E-01   1.41833387E+07 1.33064897E+01
43 4.81167486E+00    1.21453897E+00  3.89759828E-01   1.49335429E+10 5.13528491E-01 4.33437086E-01   2.54954997E+07 1.01951432E+01
44 4.97598686E+00    1.94288430E+00  1.85082133E-01   1.61175833E+10 5.21756404E-01 4.31682298E-01   9.48629064E+07 5.87566367E+00
45 5.11100219E+00   -2.92730255E+00  2.40335974E-01   1.68575711E+10 5.55038242E-01 4.34472557E-01   3.67238031E+07 8.80066784E+00
46 5.28429469E+00   -2.00654004E+00  3.44618756E-01   1.76206577E+10 5.29572703E-01 4.55757219E-01   3.59256353E+07 8.94932492E+00
47 5.42660278E+00   -1.43781000E+00  3.86880119E-01   1.82230898E+10 5.63108547E-01 4.74222099E-01   9.75858929E+07 5.91904698E+00
48 5.57222267E+00   -9.04285815E-01  2.78653241E-01   1.89642864E+10 5.71537846E-01 4.79665018E-01   1.08108630E+08 5.70204278E+00
49 5.72119264E+00   -5.92963222E-01  1.57149987E-01   1.96110580E+10 5.70977859E-01 5.08956568E-01   8.90622988E+07 6.22486171E+00
50 5.87354482E+00   -1.49474480E+00  7.95847035E-02   2.02187032E+10 5.90199140E-01 5.33030014E-01   8.62291791E+07 6.33896267E+00
51 6.06880067E+00   -1.60868336E+00  1.58724013E-01   2.08598466E+10 6.03580017E-01 5.33577522E-01   6.52680478E+07 7.20121097E+00
52 6.18854596E+00   -1.35938231E+00  2.19037545E-01   2.12557209E+10 6.25950664E-01 5.33839008E-01   6.20589083E+07 7.42845266E+00
53 6.35125478E+00   -1.09485070E+00  3.01500679E-01   2.18899374E+10 6.18514720E-01 5.37588758E-01   5.53396506E+07 8.01476309E+00
54 6.51747167E+00   -9.90233247E-01  2.85099297E-01   2.25335235E+10 6.29649934E-01 5.60736947E-01   3.74897611E+07 9.53967202E+00
55 6.68722044E+00   -1.07082165E+00  2.80796134E-01   2.34422641E+10 6.15666149E-01 5.66903790E-01   2.40041665E+07 1.15943054E+01
56 6.81686256E+00   -1.22132546E+00  3.43682675E-01   2.41043365E+10 6.34121206E-01 6.09800575E-01   1.67425623E+07 1.36218330E+01
57 6.99283862E+00   -1.29529392E+00  4.14287362E-01   2.51480079E+10 6.78545409E-01 5.98922718E-01   7.75319022E+06 1.95616849E+01
58 7.12716948E+00   -1.27831559E+00  4.01652340E-01   2.59198008E+10 7.21750818E-01 6.00841881E-01   5.83381164E+06 2.32978432E+01
59 7.30941747E+00   -1.48673105E+00  4.36352250E-01   2.83896353E+10 8.29789891E-01 6.42882067E-01   1.16956138E+07 1.88949005E+01
60 7.44846367E+00   -1.58819173E+00  5.21565574E-01   2.97139827E+10 7.84430082E-01 6.11451354E-01   1.31652896E+07 1.81197987E+01
61 7.63700863E+00   -1.74479042E+00  6.58570873E-01   3.08193505E+10 7.19623506E-01 6.04960533E-01   5.22179149E+06 2.67221186E+01
62 7.78078080E+00   -1.78006213E+00  6.20522132E-01   3.12218435E+10 6.93131459E-01 5.68405118E-01   3.04245307E+06 3.36174154E+01
63 7.92657773E+00   -1.87433146E+00  6.34177070E-01   3.17627325E+10 7.48853433E-01 5.73044895E-01   2.19181443E+06 3.88001207E+01
64 8.07439854E+00   -1.88348620E+00  6.78345118E-01   3.24452566E+10 7.62726301E-01 5.95805942E-01   2.81134875E+06 3.44231468E+01
65 8.27463329E+00   -1.91072594E+00  7.19993337E-01   3.65549540E+10 8.77539261E-01 6.48742136E-01   2.81517227E+06 3.50442933E+01
66 8.42715969E+00   -2.40009347E+00  5.24244945E-01   3.93066398E+10 8.73601418E-01 7.39371844E-01   3.88541010E+06 3.00807001E+01
67 8.58169314E+00   -2.43680321E+00  4.79376377E-01   4.21701866E+10 9.85712524E-01 7.73739710E-01   2.43016663E+06 3.69658268E+01
68 8.73822646E+00   -2.33207956E+00  3.88443143E-01   4.80293107E+10 1.02242086E+00 7.24291935E-01   2.57933408E+06 3.57603068E+01
69 8.89675023E+00   -2.24483406E+00  3.45225634E-01   4.85942725E+10 1.07419927E+00 7.42101162E-01   2.76131426E+06 3.44708252E+01
70 9.05725570E+00   -1.95680440E+00  2.89648768E-01   4.89060279E+10 1.11096801E+00 7.62876418E-01   3.20884014E+06 3.21254292E+01
71 9.21973029E+00   -1.93310820E+00  3.02754180E-01   4.92727928E+10 1.14580157E+00 8.09435906E-01   4.13999252E+06 2.86192313E+01
72 9.38416132E+00   -1.96850253E+00  3.52504508E-01   4.99217884E+10 1.15501150E+00 8.31636481E-01   6.15970103E+06 2.40985248E+01
73 9.55053626E+00   -2.08137047E+00  3.32033078E-01   5.05439968E+10 1.20180057E+00 8.59268545E-01   6.23904678E+06 2.39684281E+01
74 9.71883936E+00   -2.25611519E+00  2.89885143E-01   5.13363356E+10 1.23539949E+00 9.10392288E-01   6.98030974E+06 2.28701083E+01
75 9.83210555E+00   -2.29414451E+00  2.77128785E-01   5.20160329E+10 1.23311577E+00 9.02507920E-01   7.90611903E+06 2.17270845E+01
76 1.00035859E+01   -2.24190227E+00  2.50735069E-01   5.28792655E+10 1.27371988E+00 9.60864016E-01   1.03535068E+07 1.94948681E+01
77 1.01769489E+01   -2.28331818E+00  2.08860168E-01   5.43204741E+10 1.33944872E+00 9.96173881E-01   1.12416091E+07 1.88454110E+01
78 1.02935605E+01   -2.27947498E+00  1.72061262E-01   5.50091499E+10 1.35372073E+00 1.00348034E+00   1.16869089E+07 1.85374874E+01
79 1.05292455E+01   -2.30058423E+00  1.31416089E-01   5.64132714E+10 1.43017811E+00 1.06014315E+00   1.08339898E+07 1.91526696E+01
80 1.06483046E+01   -2.27437884E+00  1.24566051E-01   5.70816214E+10 1.44436753E+00 1.07127510E+00   1.02348112E+07 1.96052454E+01
81 1.08283989E+01   -2.53332306E+00  1.02719747E-01   5.79048641E+10 1.52436753E+00 1.11158376E+00   9.96329426E+06 1.97672793E+01
82 1.10102774E+01   -2.55727709E+00  1.01569849E-01   5.90073882E+10 1.57420369E+00 1.15629961E+00   9.69056976E+06 1.99739800E+01
83 1.11325098E+01   -2.76459025E+00  8.16540610E-02   5.93424406E+10 1.59355442E+00 1.17663695E+00   9.47146577E+06 2.01195269E+01
84 1.13173084E+01   -3.06264549E+00  9.56910623E-02   6.02592341E+10 1.67056639E+00 1.21788121E+00   8.84889807E+06 2.06416382E+01
85 1.15038264E+01   -2.93241568E+00  5.96601664E-02   6.12755425E+10 1.69762135E+00 1.24615033E+00   8.58636068E+06 2.08851883E+01
86 1.16291150E+01   -3.12548211E+00  5.15127143E-02   6.14815474E+10 1.79095708E+00 1.27443218E+00   8.42533815E+06 2.10229740E+01
87 1.18184398E+01   -3.36427565E+00  6.54176143E-02   6.20915947E+10 1.81261386E+00 1.31163781E+00   7.93649764E+06 2.14869048E+01
88 1.19455746E+01   -3.27433533E+00  6.85241013E-02   6.22366860E+10 1.81949601E+00 1.35156916E+00   7.50021228E+06 2.19498028E+01
89 1.21376324E+01   -3.59233021E+00  9.31064104E-02   6.30829903E+10 1.89268490E+00 1.39130696E+00   7.51273245E+06 2.18264493E+01
90 1.23312917E+01   -3.82422246E+00  9.25579444E-02   6.37861071E+10 2.03744904E+00 1.50024903E+00   7.46487767E+06 2.18210127E+01
91 1.24612731E+01   -3.95021987E+00  6.30467219E-02   6.45201896E+10 2.10731632E+00 1.54493755E+00   7.65493850E+06 2.15662083E+01
92 1.26575381E+01   -4.33130315E+00  5.66555816E-02   6.83539049E+10 1.94293856E+00 1.33317709E+00   8.48816166E+06 2.06145573E+01
93 1.27892302E+01   -4.15265870E+00  6.64751434E-02   6.83876174E+10 1.87659501E+00 1.33033311E+00   8.64432847E+06 2.04474736E+01
94 1.29880192E+01   -4.29602290E+00  5.74071995E-02   6.90184032E+10 1.96810994E+00 1.41917426E+00   8.89939756E+06 2.01725628E+01
95 1.31213663E+01   -4.31362467E+00  6.10739836E-02   6.95605174E+10 2.10239198E+00 1.48607226E+00   9.09394382E+06 1.99872551E+01
96 1.33225960E+01   -4.47480226E+00  4.78606839E-02   7.45606107E+10 1.88349073E+00 1.20498850E+00   1.32528231E+07 1.70673916E+01
97 1.34575420E+01   -4.84533292E+00  2.74820828E-02   7.49533981E+10 2.04609446E+00 1.24075388E+00   2.35893628E+07 1.34428706E+01
98 1.36611277E+01   -4.70017703E+00  3.09049060E-03   7.76521025E+10 1.93198258E+00 1.13668131E+00   8.57443085E+07 7.97579160E+00
99 1.37976159E+01   -4.24621797E+00  1.98294832E-04   7.78110302E+10 1.91959388E+00 1.14201358E+00   2.57590124E+08 5.16085922E+00
