25 2.14210194E+00    5.23083223E-01  1.38032697E+00   1.28513984E+09 4.86464753E-01 7.06218200E-01   4.21324096E+07 5.92742734E+00
26 2.23439941E+00    6.33338177E-01  1.55242846E+00   1.54607669E+09 6.02200262E-01 7.48152022E-01   2.49741215E+07 7.64203075E+00
27 2.38015340E+00   -2.63395166E+00  1.47423868E+00   1.92835151E+09 6.65640978E-01 7.07421984E-01   1.22642526E+07 1.13357610E+01
28 2.53513003E+00   -2.31970239E+00  1.51184436E+00   2.27255471E+09 6.50007349E-01 6.41414015E-01   5.40935796E+07 6.07365669E+00
29 2.68105280E+00    7.11071055E-01  1.47251844E+00   2.45581052E+09 6.57634658E-01 7.20262013E-01   4.50637712E+07 6.58063328E+00
30 2.83506079E+00   -2.40646249E+00  1.53090484E+00   3.18382852E+09 1.03414660E+00 8.48278003E-01   5.64485948E+07 6.15201209E+00
31 2.97675957E+00    7.44653509E-01  1.56134015E+00   3.99344866E+09 8.38251160E-01 6.66328315E-01   2.77871638E+07 8.53699326E+00
32 3.12521664E+00   -2.39095135E+00  1.55949268E+00   4.80654581E+09 8.24302397E-01 6.06345617E-01   7.12659735E+06 1.72782806E+01
33 3.28071066E+00   -2.49039091E+00  1.38150738E+00   6.25498181E+09 9.13860276E-01 5.92105388E-01   2.17721254E+07 1.18744765E+01
34 3.44351676E+00   -2.59220653E+00  1.54993325E+00   6.49349429E+09 8.28595539E-01 5.67274625E-01   5.87750791E+06 2.06967112E+01
35 3.58910175E+00    5.47885416E-01  1.52261416E+00   6.97615064E+09 6.90726838E-01 5.98062780E-01   3.96766842E+06 2.43309662E+01
36 3.74044324E+00    4.08815051E-01  1.53360985E+00   7.40748326E+09 7.13958189E-01 5.58591821E-01   4.24137304E+06 2.37067785E+01
37 3.89772404E+00    2.95530737E+00  8.91990444E-01   9.77483393E+09 4.79989284E-01 1.14300000E+00   1.56328063E+07 1.35062402E+01
38 4.03345629E+00    3.33000263E+00  1.47454617E+00   1.01264740E+10 6.91788073E-01 5.84380902E-01   1.34869382E+07 1.41983061E+01
39 4.20208812E+00   -3.40591435E-02  8.35566854E-01   1.31764840E+10 5.60092392E-01 8.49656658E-01   1.18701046E+07 1.50055418E+01
40 4.28880821E+00    6.28009622E-01  9.43181908E-01   1.34811709E+10 5.79617082E-01 8.03924650E-01   1.08103916E+07 1.55087957E+01
41 4.49753845E+00    6.52079914E-01  7.60909634E-01   1.46838437E+10 6.81023812E-01 7.92092752E-01   1.38504556E+07 1.38020609E+01
42 4.65222047E+00    1.16949847E+00  6.21633761E-01   1.54910500E+10 7.70717894E-01 8.35229405E-01   2.01249943E+07 1.17325840E+01
43 4.81167486E+00    9.85766569E-01  5.31565735E-01   1.65088346E+10 8.55502109E-01 8.07241476E-01   2.49087570E+07 1.07389201E+01
44 4.97598686E+00    9.61660913E-01  4.97986651E-01   1.73555950E+10 9.62672734E-01 7.86223746E-01   2.67500631E+07 1.04616682E+01
45 5.11100219E+00    9.03628801E-01  5.33858558E-01   1.79370768E+10 1.03677136E+00 8.04416534E-01   2.55770246E+07 1.07008017E+01
46 5.28429469E+00    8.74479428E-01  5.22957520E-01   1.86781185E+10 1.17319396E+00 8.02961579E-01   2.75278831E+07 1.03888514E+01
47 5.42660278E+00    8.89070978E-01  4.69258449E-01   1.93502333E+10 1.24023111E+00 8.26752889E-01   2.57490374E+07 1.07306919E+01
48 5.57222267E+00    8.92554992E-01  4.53865971E-01   2.02610293E+10 1.36251701E+00 8.37851104E-01   2.46247790E+07 1.09752586E+01
49 5.72119264E+00    7.29848584E-01  4.43572448E-01   2.10936635E+10 1.47567849E+00 8.33048818E-01   2.35782338E+07 1.11779469E+01
50 5.87354482E+00    6.89597236E-01  4.63173561E-01   2.22876832E+10 1.73032600E+00 8.21346402E-01   2.16707240E+07 1.16323511E+01
51 6.06880067E+00    6.69758090E-01  5.27986605E-01   2.33809097E+10 1.77595299E+00 7.70623409E-01   1.78921779E+07 1.27172133E+01
52 6.18854596E+00    6.92410244E-01  5.31840222E-01   2.41029005E+10 1.94991388E+00 7.80093976E-01   1.79674667E+07 1.27345884E+01
53 6.35125478E+00    7.76661001E-01  4.82847540E-01   2.52248542E+10 1.97445466E+00 7.85252118E-01   2.16611038E+07 1.17804038E+01
54 6.51747167E+00    8.13894333E-01  4.60653366E-01   2.65023469E+10 2.12523146E+00 7.87477289E-01   2.01689057E+07 1.21869780E+01
55 6.68722044E+00    8.36818980E-01  4.22809048E-01   2.73466064E+10 2.13406428E+00 7.83964090E-01   2.14002851E+07 1.18609410E+01
56 6.81686256E+00    7.22059369E-01  4.11267521E-01   2.88146385E+10 2.33921716E+00 7.95590998E-01   2.07574730E+07 1.20056947E+01
57 6.99283862E+00    8.10761039E-01  4.03453900E-01   2.99363815E+10 2.30676251E+00 7.82012958E-01   1.97954611E+07 1.22101935E+01
58 7.12716948E+00    7.89014102E-01  3.97722408E-01   3.08982224E+10 2.43948156E+00 7.89931685E-01   1.81784324E+07 1.26469111E+01
59 7.30941747E+00    7.91716887E-01  3.95273863E-01   3.18975687E+10 2.43189996E+00 7.73004991E-01   1.57455307E+07 1.34126642E+01
60 7.44846367E+00    7.37334192E-01  4.00693149E-01   3.25291849E+10 2.43666536E+00 7.92407482E-01   1.24897386E+07 1.48083208E+01
61 7.63700863E+00    7.50425007E-01  3.78952568E-01   3.30658082E+10 2.35355240E+00 7.89666398E-01   1.23586855E+07 1.49043715E+01
62 7.78078080E+00    7.29474571E-01  3.83711068E-01   3.33892349E+10 2.36021519E+00 7.83941485E-01   1.18406993E+07 1.53308575E+01
63 7.92657773E+00    7.37352328E-01  4.02015240E-01   3.36093164E+10 2.46311961E+00 7.98824635E-01   1.42722541E+07 1.42049547E+01
64 8.07439854E+00    6.52353289E-01  4.15933478E-01   3.38294049E+10 2.39069254E+00 8.01630760E-01   1.43979359E+07 1.41337265E+01
65 8.27463329E+00    7.12667702E-01  4.01582424E-01   3.43246338E+10 2.37754062E+00 8.46475408E-01   1.50730283E+07 1.38673989E+01
66 8.42715969E+00    7.32625358E-01  3.90978964E-01   3.47797087E+10 2.46953127E+00 8.75141223E-01   1.53326376E+07 1.37723874E+01
67 8.58169314E+00    8.08644035E-01  3.50111424E-01   3.52052286E+10 2.42968054E+00 8.99483705E-01   1.49996272E+07 1.38955707E+01
68 8.73822646E+00    8.55210747E-01  3.64477158E-01   3.55833736E+10 2.42051020E+00 8.76181434E-01   1.51463606E+07 1.38472106E+01
69 8.89675023E+00    8.96549729E-01  3.90682205E-01   3.61653828E+10 2.37412435E+00 8.65333418E-01   1.49813525E+07 1.39246330E+01
70 9.05725570E+00    9.74030689E-01  3.90061344E-01   3.65571622E+10 2.32153478E+00 8.68749127E-01   1.54374031E+07 1.37656258E+01
71 9.21973029E+00    1.06849208E+00  3.72483130E-01   3.70048205E+10 2.30316630E+00 8.83246746E-01   1.59578861E+07 1.36121288E+01
72 9.38416132E+00    1.05052955E+00  3.24558702E-01   3.75298397E+10 2.23778038E+00 8.75447573E-01   1.77967806E+07 1.30055470E+01
73 9.55053626E+00    1.04315894E+00  3.09394953E-01   3.80849186E+10 2.23134535E+00 8.65420317E-01   6.19001553E+07 7.76039645E+00
74 9.71883936E+00    1.08327228E+00  3.02720434E-01   3.87965314E+10 2.26697725E+00 8.99474114E-01   1.55089656E+09 2.17683039E+00
75 9.83210555E+00    1.12433437E+00  2.95761411E-01   3.92552763E+10 2.23479668E+00 8.71215456E-01   1.12729886E+10 1.02744793E+00
76 1.00035859E+01    1.15911514E+00  2.64953767E-01   3.98553504E+10 2.16174552E+00 8.68543238E-01   3.11596304E+11 3.00489512E-01
77 1.01769489E+01    1.09329444E+00  2.55471472E-01   4.05297148E+10 2.19895077E+00 8.63480664E-01   8.12707208E+11 2.00370253E-01
78 1.02935605E+01    1.14576440E+00  2.55688625E-01   4.09349905E+10 2.02428984E+00 8.27042011E-01   1.75542809E+11 3.14885333E-01
79 1.05292455E+01    1.13449244E+00  2.32577205E-01   4.14710246E+10 2.24304068E+00 8.42829470E-01   9.03272013E+11 1.99289971E-01
80 1.06483046E+01    1.13062031E+00  2.08723613E-01   4.16777293E+10 2.24597978E+00 8.60945177E-01   3.09026170E+11 3.02559759E-01
81 1.08283989E+01    1.22753907E+00  1.74088006E-01   4.20511985E+10 2.23541008E+00 8.76503510E-01   1.15624759E+10 1.02856401E+00
82 1.10102774E+01    1.21998342E+00  1.62644738E-01   4.25222658E+10 2.29080623E+00 8.73457545E-01   1.09029648E+09 2.52311983E+00
83 1.11325098E+01    1.19343770E+00  1.51493614E-01   4.28345570E+10 2.36686419E+00 8.91938982E-01   2.20898258E+08 4.70029014E+00
84 1.13173084E+01    1.24053506E+00  1.31322160E-01   4.31321526E+10 2.39242481E+00 9.03734662E-01   3.95555441E+07 9.37340137E+00
85 1.15038264E+01    1.36352151E+00  1.16299511E-01   4.36471152E+10 2.32683993E+00 9.08098526E-01   1.76941602E+07 1.30802464E+01
86 1.16291150E+01    1.54172747E+00  9.88553474E-02   4.39333880E+10 2.37100988E+00 9.25385283E-01   1.69278213E+07 1.33345181E+01
87 1.18184398E+01    1.71884195E+00  9.28939189E-02   4.45518982E+10 2.28856772E+00 9.17659525E-01   1.69471334E+07 1.33550368E+01
88 1.19455746E+01    1.84367525E+00  7.48918408E-02   4.49871191E+10 2.25784554E+00 9.49107950E-01   1.61240830E+07 1.36595909E+01
89 1.21376324E+01    1.94284042E+00  6.45905342E-02   4.55316143E+10 2.28661902E+00 9.53353366E-01   1.80351670E+07 1.30527748E+01
90 1.23312917E+01    1.72449019E+00  5.45166549E-02   4.60405184E+10 2.32392239E+00 9.53435369E-01   1.85830339E+07 1.29125112E+01
91 1.24612731E+01    1.68721448E+00  4.88699248E-02   4.63569158E+10 2.34134506E+00 9.50963006E-01   1.87271985E+07 1.28870260E+01
92 1.26575381E+01    1.77708101E+00  2.80008812E-02   4.69425531E+10 2.33092074E+00 9.47409342E-01   1.86167693E+07 1.29263542E+01
93 1.27892302E+01    1.60636229E+00  2.36955848E-02   4.70907658E+10 2.41229162E+00 9.70874970E-01   1.86271505E+07 1.29328701E+01
94 1.29880192E+01    1.71165123E+00  3.71769377E-02   4.77095187E+10 2.46084290E+00 9.72397913E-01   1.85950136E+07 1.29494880E+01
95 1.31213663E+01    2.16791026E+00  3.72107478E-02   4.81206873E+10 2.47731267E+00 9.94890888E-01   1.58948075E+07 1.38344752E+01
96 1.33225960E+01    2.09932389E+00  2.49413359E-02   4.86895619E+10 2.56402673E+00 1.00244575E+00   1.56709221E+07 1.38973602E+01
97 1.34575420E+01    2.19935474E+00  2.49680104E-02   4.91257059E+10 2.61095456E+00 9.94282626E-01   1.50937214E+07 1.41115099E+01
98 1.36611277E+01    2.12014908E+00  1.29372764E-02   4.96410754E+10 2.61649429E+00 9.91234606E-01   1.47636577E+07 1.42262988E+01
99 1.37976159E+01    4.99568539E-01  1.00343936E-04   4.99688759E+10 2.68622387E+00 1.00112455E+00   1.46330102E+07 1.42721203E+01
