25 2.14210194E+00    1.24447094E+00  1.27058222E+00   3.76555076E+09 2.87924187E-01 5.58148725E-01   2.42081553E+07 1.00498412E+01
26 2.23439941E+00    1.05873321E+00  7.50616709E-01   4.20058911E+09 3.56574857E-01 5.32277530E-01   6.15830182E+07 6.49419903E+00
27 2.38015340E+00    1.21321879E+00  4.04607419E-01   4.85625769E+09 4.31170562E-01 5.50740604E-01   6.38967404E+07 6.53353353E+00
28 2.53513003E+00    1.55499287E+00  4.88265132E-01   6.27679559E+09 6.59715904E-01 5.68753464E-01   1.12849972E+08 5.32016308E+00
29 2.68105280E+00    1.71992109E+00  8.33353353E-01   7.53750701E+09 7.00339701E-01 5.22238657E-01   6.55239664E+07 6.88513964E+00
30 2.83506079E+00    1.68673165E+00  9.87261675E-01   8.94421751E+09 6.50750271E-01 4.69940834E-01   3.08999958E+07 1.00724687E+01
31 2.97675957E+00    1.43991163E+00  7.89380995E-01   1.06456441E+10 7.24272049E-01 4.45742818E-01   6.05336851E+07 7.70380914E+00
32 3.12521664E+00    1.31828806E+00  5.76527431E-01   1.18292793E+10 7.99176045E-01 4.61647924E-01   3.71710423E+07 9.57141712E+00
33 3.28071066E+00    1.26058855E+00  5.63432987E-01   1.27442641E+10 8.03390152E-01 4.35540799E-01   2.70441667E+07 1.11670653E+01
34 3.44351676E+00    8.34646198E-01  7.12244954E-01   1.49617731E+10 8.20854365E-01 5.05456025E-01   1.49970936E+07 1.48329404E+01
35 3.58910175E+00    6.32906991E-01  9.49013710E-01   1.67775763E+10 7.14806985E-01 4.98535194E-01   2.01930613E+07 1.32661289E+01
36 3.74044324E+00    2.68683578E-01  8.30940042E-01   1.88664158E+10 6.61028434E-01 4.73692541E-01   3.72734454E+07 1.05541842E+01
37 3.89772404E+00   -7.59619041E-02  6.94425757E-01   2.01193875E+10 6.83127522E-01 4.92778845E-01   2.17032649E+07 1.33591845E+01
38 4.03345629E+00   -2.22329714E-01  4.91063657E-01   2.11758136E+10 7.22699908E-01 5.01521794E-01   1.52570676E+07 1.56273800E+01
39 4.20208812E+00   -1.53292842E-01  3.61794097E-01   2.22395441E+10 7.37180964E-01 5.26568286E-01   1.16300803E+07 1.75902043E+01
40 4.28880821E+00   -1.82830984E-01  3.62154356E-01   2.28832187E+10 7.29890779E-01 5.32628939E-01   1.02106364E+07 1.86887094E+01
41 4.49753845E+00   -2.85277474E-01  2.52975730E-01   2.42380870E+10 7.62012014E-01 5.35490954E-01   1.04155627E+07 1.87784772E+01
42 4.65222047E+00   -2.30668056E-01  2.07869333E-01   2.52518212E+10 7.84832565E-01 5.50531689E-01   1.08309311E+07 1.85658294E+01
43 4.81167486E+00   -4.89192882E-01  1.02494353E-01   2.63690522E+10 8.47943344E-01 5.80150252E-01   1.41642037E+07 1.66141620E+01
44 4.97598686E+00    2.57762390E+00  6.12953706E-03   2.80493219E+10 8.46494849E-01 5.98602807E-01   1.84383872E+07 1.48172640E+01
45 5.11100219E+00    2.56445040E+00  1.25776432E-01   2.95134866E+10 8.93759888E-01 6.33878350E-01   1.93358825E+07 1.44784318E+01
46 5.28429469E+00    2.31188643E+00  1.22775926E-01   3.11894891E+10 9.17458954E-01 6.40267199E-01   1.97314398E+07 1.43146906E+01
47 5.42660278E+00    2.46338278E+00  1.47278971E-01   3.22128336E+10 9.76917569E-01 6.48791363E-01   2.03686900E+07 1.41119920E+01
48 5.57222267E+00    2.30785603E+00  1.63094101E-01   3.31961337E+10 1.00505179E+00 6.68074449E-01   2.13369783E+07 1.38469114E+01
49 5.72119264E+00    2.09602828E+00  1.79150460E-01   3.42518372E+10 1.01656461E+00 6.80350472E-01   2.67267825E+07 1.25575743E+01
50 5.87354482E+00    1.97706382E+00  2.01933394E-01   3.52053827E+10 1.05733532E+00 7.03214011E-01   2.54703511E+07 1.28514950E+01
51 6.06880067E+00    1.75055350E+00  2.52584747E-01   3.67058599E+10 1.10735473E+00 7.26418963E-01   2.76041228E+07 1.24814189E+01
52 6.18854596E+00    1.80223583E+00  2.55907031E-01   3.77574726E+10 1.13835593E+00 7.50709020E-01   2.74727100E+07 1.25531276E+01
53 6.35125478E+00    1.64011674E+00  2.49480101E-01   3.85972582E+10 1.20690980E+00 7.73473532E-01   2.37536125E+07 1.33734174E+01
54 6.51747167E+00    1.59808291E+00  2.10360868E-01   4.00595201E+10 1.23006906E+00 8.17519306E-01   2.00156012E+07 1.44165620E+01
55 6.68722044E+00    1.47018181E+00  1.91743414E-01   4.16132650E+10 1.34602938E+00 8.31129363E-01   1.79858602E+07 1.51583581E+01
56 6.81686256E+00    1.65186620E+00  1.56853997E-01   4.28612190E+10 1.36941435E+00 8.31224758E-01   1.79743888E+07 1.52838650E+01
57 6.99283862E+00    1.68565840E+00  2.14787604E-01   4.39494975E+10 1.47794669E+00 8.27599262E-01   1.81662924E+07 1.53385990E+01
58 7.12716948E+00    1.54565493E+00  1.91999132E-01   4.48441372E+10 1.58323787E+00 8.34770004E-01   2.00412291E+07 1.49125291E+01
59 7.30941747E+00    1.56812443E+00  1.28711899E-01   4.61087548E+10 1.58413572E+00 8.51550408E-01   2.00139822E+07 1.50423164E+01
60 7.44846367E+00    1.79090628E+00  9.31111774E-02   4.64637304E+10 1.71987510E+00 8.90426719E-01   1.59096135E+07 1.65166807E+01
61 7.63700863E+00    2.32691923E+00  8.09575872E-02   4.91438627E+10 1.79721338E+00 8.73007453E-01   1.24290784E+07 1.82767261E+01
62 7.78078080E+00    2.42655762E+00  7.07381723E-02   5.05816897E+10 1.80325980E+00 8.69924570E-01   1.18472972E+07 1.86483324E+01
63 7.92657773E+00    2.53353183E+00  9.42174778E-02   5.15093733E+10 1.87066221E+00 8.87513381E-01   9.06865408E+06 2.09023126E+01
64 8.07439854E+00    2.55036080E+00  9.27378815E-02   5.22043970E+10 2.04385010E+00 8.96145770E-01   8.90177982E+06 2.10250790E+01
65 8.27463329E+00    2.48171216E+00  7.83481624E-02   5.38656105E+10 2.19794241E+00 9.12465900E-01   8.87510171E+06 2.10365671E+01
66 8.42715969E+00    2.64032341E+00  8.92796283E-02   5.49283964E+10 2.46774526E+00 9.68039220E-01   9.90570269E+06 2.00031737E+01
67 8.58169314E+00    2.91925321E+00  9.61645767E-02   5.53285982E+10 2.56256500E+00 1.00671905E+00   1.04149513E+07 1.95456725E+01
68 8.73822646E+00    3.11676787E+00  1.03143773E-01   5.65279614E+10 2.79734637E+00 1.05036492E+00   1.04691361E+07 1.95712805E+01
69 8.89675023E+00    3.58532618E+00  1.20951688E-01   5.85206092E+10 2.93219022E+00 1.09017130E+00   1.29303108E+07 1.80072624E+01
70 9.05725570E+00    4.07040953E+00  1.84269065E-01   5.88045589E+10 3.22582540E+00 1.17469134E+00   1.12558213E+07 1.90237736E+01
71 9.21973029E+00    4.02128907E+00  2.17127387E-01   5.99574249E+10 2.76020328E+00 1.08778292E+00   1.42952336E+07 1.71356854E+01
72 9.38416132E+00    3.98284770E+00  2.42693659E-01   6.13826788E+10 3.12122144E+00 1.13027357E+00   1.45711991E+07 1.69764323E+01
73 9.55053626E+00    3.96701022E+00  2.38675629E-01   6.24930942E+10 2.95719072E+00 1.16279834E+00   1.27545425E+07 1.79623429E+01
74 9.71883936E+00    3.94869370E+00  2.43251298E-01   6.31521307E+10 3.31673483E+00 1.22057781E+00   1.24688445E+07 1.80757753E+01
75 9.83210555E+00    3.94052853E+00  2.45516874E-01   6.43644126E+10 3.37203496E+00 1.23621280E+00   1.24783276E+07 1.80856957E+01
76 1.00035859E+01    3.89833553E+00  2.69041138E-01   6.52061475E+10 3.56773227E+00 1.24825810E+00   1.07511485E+07 1.92148574E+01
77 1.01769489E+01    3.89121155E+00  2.61394731E-01   6.60354316E+10 3.80680017E+00 1.27216365E+00   1.07974722E+07 1.91825753E+01
78 1.02935605E+01    3.85231112E+00  2.50077536E-01   6.65898278E+10 3.89444319E+00 1.28549184E+00   1.10388252E+07 1.90338356E+01
79 1.05292455E+01    3.84299739E+00  2.50438685E-01   6.80040180E+10 3.86963750E+00 1.32727374E+00   1.20491421E+07 1.83992301E+01
80 1.06483046E+01    3.89415002E+00  2.59398980E-01   6.91825349E+10 3.51031441E+00 1.29298309E+00   1.28282546E+07 1.79605899E+01
81 1.08283989E+01    3.84920243E+00  2.67066230E-01   6.93497577E+10 3.61648630E+00 1.29451034E+00   1.26810414E+07 1.80808802E+01
82 1.10102774E+01    3.83035610E+00  2.49921141E-01   6.94998834E+10 3.71628003E+00 1.33477633E+00   1.31617038E+07 1.78058282E+01
83 1.11325098E+01    3.80236121E+00  2.37933485E-01   6.96120054E+10 3.78554212E+00 1.34486263E+00   1.24981592E+07 1.82158453E+01
84 1.13173084E+01    3.82769681E+00  2.20473395E-01   6.97020237E+10 3.75306514E+00 1.33706293E+00   1.25271100E+07 1.82038612E+01
85 1.15038264E+01    3.78493089E+00  2.14225352E-01   6.98242117E+10 3.87292150E+00 1.39703782E+00   1.09649098E+07 1.92547632E+01
86 1.16291150E+01    3.84715181E+00  2.02380950E-01   6.98594944E+10 3.92699275E+00 1.41707136E+00   1.00344297E+07 1.99897717E+01
87 1.18184398E+01    3.81944423E+00  1.85605836E-01   6.98932996E+10 3.90982699E+00 1.44320027E+00   9.43197356E+06 2.05236989E+01
88 1.19455746E+01    3.83925642E+00  1.72276699E-01   6.98466197E+10 3.80056089E+00 1.43815508E+00   9.15934945E+06 2.07700311E+01
89 1.21376324E+01    3.82507218E+00  1.56339630E-01   6.98796956E+10 3.92893029E+00 1.45744455E+00   8.72518792E+06 2.11884968E+01
90 1.23312917E+01    3.87962187E+00  1.43502910E-01   6.98418379E+10 3.95337392E+00 1.46747798E+00   7.75427258E+06 2.23114659E+01
91 1.24612731E+01    3.78210957E+00  1.20642969E-01   6.98318517E+10 3.93077797E+00 1.46316307E+00   7.64357481E+06 2.24721542E+01
92 1.26575381E+01    3.73925511E+00  9.99219394E-02   6.97466567E+10 3.87249164E+00 1.49213543E+00   7.69509679E+06 2.24785564E+01
93 1.27892302E+01    3.57305198E+00  7.70351141E-02   6.97292674E+10 3.88645173E+00 1.47341040E+00   7.93987631E+06 2.22417057E+01
94 1.29880192E+01    3.44157794E+00  4.79324830E-02   6.96731661E+10 3.90965788E+00 1.49510795E+00   8.29770872E+06 2.18318649E+01
95 1.31213663E+01    3.15260808E+00  4.28520584E-02   6.96041715E+10 3.86473112E+00 1.50034192E+00   8.14180402E+06 2.19602540E+01
96 1.33225960E+01    3.04779411E+00  3.01585352E-02   6.95322406E+10 3.93028660E+00 1.53553248E+00   7.65836417E+06 2.24824271E+01
97 1.34575420E+01    2.74940996E+00  1.88139752E-02   6.97004756E+10 3.84734940E+00 1.51152482E+00   7.65493569E+06 2.24512691E+01
98 1.36611277E+01    1.69440629E+00  6.76616508E-03   6.97594305E+10 3.91639843E+00 1.50421187E+00   7.38284710E+06 2.27499746E+01
99 1.37976159E+01   -2.65068479E+00  1.99984076E-05   6.97361852E+10 4.02464791E+00 1.55581351E+00   7.11526064E+06 2.30736223E+01
