25 2.14210194E+00   -1.09655773E+00  9.18293522E-01   1.94784402E+08 4.26147454E-01 6.67485022E-01   7.59197370E+07 3.09986061E+00
26 2.23439941E+00   -1.27261754E+00  7.50003254E-01   2.10550672E+08 3.35294449E-01 5.73783272E-01   4.56962916E+07 3.54643733E+00
27 2.38015340E+00   -1.37347135E+00  8.11794764E-01   2.21566674E+08 3.05735359E-01 7.38361868E-01   4.70786619E+07 3.24956289E+00
28 2.53513003E+00   -1.16061023E+00  8.22828519E-01   2.99777604E+08 2.50900855E-01 8.14101238E-01   1.99085175E+07 6.88549213E+00
29 2.68105280E+00   -1.07858043E+00  8.70517929E-01   4.00413416E+08 4.43145940E-01 8.99084476E-01   1.04340077E+08 3.60495521E+00
30 2.83506079E+00   -2.01321458E+00  5.42776136E-01   4.36373899E+08 6.22618007E-01 8.38870379E-01   2.35546747E+07 6.68166287E+00
31 2.97675957E+00   -2.03067100E+00  3.81214795E-01   5.09357663E+08 5.26772007E-01 1.10326678E+00   9.60440849E+06 1.03431092E+01
32 3.12521664E+00   -2.45080477E+00  6.07207806E-01   6.40742590E+08 8.67251571E-01 9.30045358E-01   3.75214319E+07 5.67539666E+00
33 3.28071066E+00   -2.50827750E+00  5.60532802E-01   6.98922630E+08 4.89675920E-01 9.25332642E-01   1.93716525E+07 7.70169217E+00
34 3.44351676E+00   -2.76881284E+00  8.47023409E-01   7.69800859E+08 3.44721453E-01 8.73266498E-01   1.03979016E+07 1.02815936E+01
35 3.58910175E+00   -2.55502714E+00  7.98515762E-01   8.46724262E+08 6.12622544E-01 9.12527115E-01   6.30831373E+06 1.35645815E+01
36 3.74044324E+00   -2.57424706E+00  8.26032890E-01   9.48959115E+08 5.14120299E-01 9.59438960E-01   1.28872922E+07 1.10349876E+01
37 3.89772404E+00   -2.54546739E+00  9.45803720E-01   1.10762973E+09 5.13083616E-01 9.06571840E-01   5.96263738E+07 5.94747579E+00
38 4.03345629E+00   -2.78690955E+00  1.09023511E+00   1.25129975E+09 5.59702203E-01 8.56881534E-01   2.60622430E+07 8.41623678E+00
39 4.20208812E+00   -3.32823903E+00  1.31365318E+00   1.40894239E+09 5.76962046E-01 9.76339218E-01   4.10251631E+06 1.94597819E+01
40 4.28880821E+00   -3.51327170E+00  1.35841620E+00   1.62059011E+09 4.50070930E-01 1.03798004E+00   9.88995905E+06 1.28608877E+01
41 4.49753845E+00    2.80972461E-01  1.15656727E+00   1.96802879E+09 2.74732927E-01 9.72084947E-01   6.83585516E+06 1.56406667E+01
42 4.65222047E+00    1.85314612E-01  1.24638208E+00   2.53865862E+09 4.15685863E-01 9.02830360E-01   9.31572727E+06 1.41811256E+01
43 4.81167486E+00    1.01856865E-01  8.22661719E-01   2.77487284E+09 3.99230671E-01 9.98618802E-01   1.03163674E+07 1.39452057E+01
44 4.97598686E+00    3.29725850E-01  9.11799144E-01   3.26785996E+09 4.44774829E-01 8.08968895E-01   1.58834684E+07 1.18650832E+01
45 5.11100219E+00    3.54011948E-01  9.86701961E-01   3.82563977E+09 6.31284693E-01 8.80694619E-01   3.14345224E+07 9.19665673E+00
46 5.28429469E+00    4.63064674E-01  8.92291077E-01   4.69409796E+09 7.93222665E-01 9.28377597E-01   3.99889941E+07 8.55491635E+00
47 5.42660278E+00    5.23528453E-01  1.06799003E+00   5.37516045E+09 6.17128403E-01 7.42863941E-01   1.66360306E+07 1.22543536E+01
48 5.57222267E+00    4.81941287E-01  1.05131262E+00   5.97461104E+09 8.48418362E-01 7.23039581E-01   7.36690542E+06 1.74398814E+01
49 5.72119264E+00    5.90492997E-01  1.06488190E+00   6.39744941E+09 9.25570273E-01 7.46445486E-01   4.18686616E+06 2.25374048E+01
50 5.87354482E+00    6.56664934E-01  1.11948803E+00   6.81153367E+09 9.84572346E-01 7.33904068E-01   3.78942835E+06 2.38448976E+01
51 6.06880067E+00    5.31085957E-01  1.22727174E+00   7.79045245E+09 1.00867424E+00 7.63990138E-01   7.28929570E+06 1.81239879E+01
52 6.18854596E+00    5.58971020E-01  1.15499174E+00   8.01092238E+09 9.47234206E-01 8.13964895E-01   1.66655798E+07 1.25663633E+01
53 6.35125478E+00    5.76599967E-01  1.23120613E+00   8.56957678E+09 9.20845301E-01 7.33579874E-01   2.56507559E+07 1.04975351E+01
54 6.51747167E+00    5.24974271E-01  1.27931591E+00   9.12872632E+09 9.48582657E-01 7.04598145E-01   3.76785701E+07 9.08988927E+00
55 6.68722044E+00    6.07203335E-01  1.35559237E+00   9.73019297E+09 9.27525600E-01 7.43226856E-01   2.56214333E+07 1.07976010E+01
56 6.81686256E+00   -2.55509915E+00  1.56564910E+00   1.02889559E+10 8.13505001E-01 7.29244995E-01   1.96033948E+07 1.20943066E+01
57 6.99283862E+00   -2.61940729E+00  1.31069502E+00   1.14636263E+10 7.16275479E-01 6.60390284E-01   1.43588160E+07 1.38417543E+01
58 7.12716948E+00   -2.61781374E+00  1.22550868E+00   1.22087542E+10 8.03766118E-01 6.54804649E-01   1.00460958E+07 1.61962644E+01
59 7.30941747E+00   -2.63023129E+00  1.20087969E+00   1.29576284E+10 7.82220294E-01 6.77954517E-01   6.42437596E+06 1.99852806E+01
60 7.44846367E+00   -2.61617748E+00  1.15375408E+00   1.35126564E+10 7.31080794E-01 6.39200861E-01   6.53944506E+06 1.99846375E+01
61 7.63700863E+00   -2.62476203E+00  1.01228988E+00   1.40519174E+10 7.50499039E-01 6.39654921E-01   2.59572681E+06 3.08535367E+01
62 7.78078080E+00   -2.58391570E+00  9.75441181E-01   1.45236249E+10 7.88964246E-01 6.24584309E-01   1.60393587E+06 4.07258813E+01
63 7.92657773E+00   -2.61166087E+00  9.42634480E-01   1.56239775E+10 8.24736559E-01 6.58870759E-01   4.25045329E+06 2.83949487E+01
64 8.07439854E+00   -2.56000055E+00  8.13975049E-01   1.79947706E+10 7.34814923E-01 6.54248553E-01   1.01559245E+07 2.03401840E+01
65 8.27463329E+00   -3.08073816E+00  8.20499141E-01   2.06605214E+10 4.18215443E-01 6.69123343E-01   5.20277320E+06 2.71736338E+01
66 8.42715969E+00   -3.49437162E+00  9.45057905E-01   2.24679558E+10 3.94906244E-01 7.43098019E-01   3.62568187E+06 3.16267848E+01
67 8.58169314E+00   -3.68792854E+00  9.23473591E-01   2.43148385E+10 4.40282079E-01 7.05217744E-01   2.19434315E+06 3.96942877E+01
68 8.73822646E+00   -3.49558819E+00  8.39145910E-01   2.76864166E+10 4.36260671E-01 7.48139025E-01   2.33656804E+06 3.79395638E+01
69 8.89675023E+00   -1.59494921E+00  6.40217392E-01   3.10230148E+10 1.00355358E-01 1.14207977E+00   2.38467456E+06 3.73023881E+01
70 9.05725570E+00    1.98378371E+00  2.41626247E-01   3.30006749E+10 4.57400436E-01 8.45772729E-01   2.49304828E+06 3.57962828E+01
71 9.21973029E+00    2.79423716E+00  4.73764124E-01   3.35650305E+10 5.17142696E-01 8.59030606E-01   3.29392520E+06 3.14163674E+01
72 9.38416132E+00    3.42665749E+00  7.57500480E-02   3.42223873E+10 5.30156994E-01 8.67541926E-01   1.85972322E+06 4.00224261E+01
73 9.55053626E+00    3.75484677E+00  1.03106666E-01   3.50237127E+10 5.72545219E-01 7.85985979E-01   2.96747422E+06 3.23074834E+01
74 9.71883936E+00    4.80209803E+00  1.55032498E-01   3.63270224E+10 6.61150149E-01 7.90163020E-01   3.60803829E+06 2.96437501E+01
75 9.83210555E+00    4.69446734E+00  3.04994476E-01   3.70520324E+10 7.15401943E-01 7.50242259E-01   3.02088512E+06 3.18962269E+01
76 1.00035859E+01    4.79079738E+00  3.97293857E-01   3.81196466E+10 7.56592559E-01 7.46904253E-01   3.96164349E+06 2.83772009E+01
77 1.01769489E+01    4.88775928E+00  4.43032744E-01   3.93861849E+10 7.95263526E-01 7.51411296E-01   5.10555363E+06 2.56050315E+01
78 1.02935605E+01    4.95874311E+00  5.22305793E-01   4.02491007E+10 8.12244235E-01 7.95469283E-01   5.86240270E+06 2.41842141E+01
79 1.05292455E+01    5.00495057E+00  5.95222767E-01   4.19652856E+10 8.80229550E-01 7.62535045E-01   8.20322799E+06 2.11118141E+01
80 1.06483046E+01    4.98358343E+00  6.31646270E-01   4.31593427E+10 8.77607726E-01 7.65798269E-01   8.35527619E+06 2.09555660E+01
81 1.08283989E+01    4.89069195E+00  6.94092418E-01   4.55690966E+10 9.78889107E-01 7.59559767E-01   7.44462518E+06 2.19487830E+01
82 1.10102774E+01    4.77769360E+00  6.35405215E-01   4.83115091E+10 1.06247568E+00 7.48272764E-01   6.52842817E+06 2.31019866E+01
83 1.11325098E+01    4.69595334E+00  6.27262797E-01   4.94001898E+10 1.05207998E+00 7.32015098E-01   6.20409082E+06 2.35790829E+01
84 1.13173084E+01    4.72053684E+00  5.73230245E-01   5.05134147E+10 1.12634948E+00 7.29097060E-01   5.59851591E+06 2.46343672E+01
85 1.15038264E+01    4.69427539E+00  5.10195063E-01   5.15569411E+10 1.17162290E+00 7.51914646E-01   5.58899457E+06 2.47144673E+01
86 1.16291150E+01    4.70540898E+00  4.83232587E-01   5.21928135E+10 1.21344052E+00 7.81920528E-01   5.61735313E+06 2.46328770E+01
87 1.18184398E+01    4.74608589E+00  4.67251258E-01   5.33799155E+10 1.20345137E+00 7.74644252E-01   5.09905625E+06 2.56653866E+01
88 1.19455746E+01    4.66975315E+00  4.24659599E-01   5.44355425E+10 1.23740745E+00 7.67653864E-01   4.95621178E+06 2.59956493E+01
89 1.21376324E+01    4.43135394E+00  3.55446736E-01   5.66834474E+10 1.32267549E+00 7.74079624E-01   4.90616560E+06 2.61748565E+01
90 1.23312917E+01    4.30745719E+00  3.00669803E-01   5.86759509E+10 1.33566418E+00 7.73921287E-01   5.56426808E+06 2.49246770E+01
91 1.24612731E+01    4.22855118E+00  2.75752195E-01   5.93767665E+10 1.37729855E+00 7.85855375E-01   5.41065710E+06 2.51310074E+01
92 1.26575381E+01    4.18024591E+00  2.22695235E-01   6.00629836E+10 1.39561276E+00 7.92851694E-01   4.83976888E+06 2.62975467E+01
93 1.27892302E+01    4.17088162E+00  1.98891736E-01   6.04091318E+10 1.41562971E+00 7.78439270E-01   4.75774866E+06 2.64455530E+01
94 1.29880192E+01    4.13554793E+00  1.72736713E-01   6.10056903E+10 1.43956133E+00 7.95178300E-01   4.11215503E+06 2.81297370E+01
95 1.31213663E+01    3.93564810E+00  1.32611863E-01   6.15806031E+10 1.43516618E+00 8.06075469E-01   4.00864505E+06 2.84191545E+01
96 1.33225960E+01    4.01650350E+00  1.07356173E-01   6.25066011E+10 1.45972789E+00 8.02885984E-01   5.05559259E+06 2.55658919E+01
97 1.34575420E+01    4.01915090E+00  1.05060367E-01   6.28409690E+10 1.51348284E+00 8.39337816E-01   3.22255869E+06 3.09550679E+01
98 1.36611277E+01    3.72604207E+00  4.68009762E-02   6.32808749E+10 1.55186437E+00 8.73746026E-01   3.00547544E+06 3.16453127E+01
99 1.37976159E+01    4.84809974E+00  1.09888301E-04   6.33616599E+10 1.57104984E+00 8.51676776E-01   2.93593329E+06 3.18138006E+01
