25 2.14210194E+00   -2.68471144E+00  9.37030444E-01   2.68217520E+08 1.41385343E+00 1.76247716E+00   9.38814784E+07 3.58148534E+00
26 2.23439941E+00   -2.22556303E+00  8.20284716E-01   3.20254019E+08 9.78418300E-01 1.31689360E+00   4.67798864E+07 4.92090705E+00
27 2.38015340E+00   -2.19285805E+00  1.04143831E+00   4.33711427E+08 7.89423629E-01 1.04852068E+00   8.99468453E+06 1.12989797E+01
28 2.53513003E+00   -2.20126148E+00  1.32838860E+00   9.21226034E+08 1.22701191E+00 1.67784142E+00   1.13754114E+07 1.22429937E+01
29 2.68105280E+00   -1.15987718E-01  1.38265342E+00   1.55103753E+09 5.34768520E-01 1.35502991E+00   1.70455861E+07 1.07754093E+01
30 2.83506079E+00   -1.10757094E-01  1.42675829E+00   1.80416400E+09 2.46120941E-01 1.20423862E+00   8.27632368E+06 1.50276345E+01
31 2.97675957E+00    1.62004710E-01  1.21289411E+00   2.31691449E+09 8.57965973E-01 1.02022995E+00   1.03036427E+07 1.33483751E+01
32 3.12521664E+00    2.02524340E-01  1.08106749E+00   2.44345322E+09 5.30887082E-01 9.34322478E-01   2.21573587E+07 9.16539387E+00
33 3.28071066E+00    3.36374959E-02  1.22572721E+00   2.65603391E+09 5.44448480E-01 1.21345343E+00   2.15908946E+07 9.10689700E+00
34 3.44351676E+00    3.92131119E-01  8.33648428E-01   2.87531961E+09 5.06606962E-01 1.10666510E+00   3.00065800E+07 7.84817154E+00
35 3.58910175E+00    2.33650108E-01  8.41528057E-01   3.29547594E+09 3.42862366E-01 9.95533025E-01   6.98389353E+07 5.46093648E+00
36 3.74044324E+00   -2.65050755E-02  1.17721889E+00   3.65641832E+09 2.70542445E-01 1.08111350E+00   7.05435863E+07 5.48227323E+00
37 3.89772404E+00   -8.10056880E-02  1.05944702E+00   3.97402139E+09 3.99793184E-01 1.02194982E+00   4.52796021E+07 6.78238561E+00
38 4.03345629E+00   -1.40190266E-01  1.18719797E+00   4.31268914E+09 4.25914679E-01 1.01615967E+00   2.54299707E+07 9.08575108E+00
39 4.20208812E+00   -6.04677498E-02  1.12454104E+00   4.83449723E+09 5.42432309E-01 9.61008617E-01   1.08868163E+07 1.45133160E+01
40 4.28880821E+00   -1.15215207E-01  1.10197918E+00   5.27569762E+09 7.24273867E-01 9.83063921E-01   1.00070072E+07 1.63370520E+01
41 4.49753845E+00   -2.77600964E-01  1.12970643E+00   8.09223243E+09 2.10695193E+00 1.24120261E+00   6.29103810E+07 8.15508359E+00
42 4.65222047E+00   -5.33058935E-01  1.19435285E+00   1.10364467E+10 9.12913334E-01 1.38009960E+00   1.88715809E+07 1.37409623E+01
43 4.81167486E+00    2.48557375E+00  1.50683700E+00   1.55080771E+10 7.05629335E-02 1.11382416E+00   7.07413530E+06 2.13168142E+01
44 4.97598686E+00    2.11698733E+00  1.04694294E+00   1.64167333E+10 1.50861251E-01 8.88314685E-01   4.61192134E+06 2.59289322E+01
45 5.11100219E+00    2.17524893E+00  5.89533301E-01   1.76538491E+10 3.34911780E-01 7.04587074E-01   4.90100794E+06 2.51231784E+01
46 5.28429469E+00    2.85193848E+00  6.11144853E-01   1.94220811E+10 4.05747289E-01 6.98662556E-01   4.60316769E+06 2.57969313E+01
47 5.42660278E+00    2.93013859E+00  5.98317094E-01   2.04127088E+10 4.21419374E-01 6.73997533E-01   4.85452804E+06 2.50662633E+01
48 5.57222267E+00    2.96243415E+00  7.07911973E-01   2.17590191E+10 4.45269165E-01 6.47201677E-01   5.72408226E+06 2.30467971E+01
49 5.72119264E+00    3.10371247E+00  5.88527963E-01   2.36307774E+10 4.79707306E-01 6.40017734E-01   6.49695944E+06 2.15581154E+01
50 5.87354482E+00    3.16665040E+00  5.28282216E-01   2.48003692E+10 5.37451715E-01 6.29615664E-01   6.24306255E+06 2.17428996E+01
51 6.06880067E+00    3.03190481E+00  5.41529945E-01   2.58582682E+10 5.75133940E-01 6.03107032E-01   7.31239415E+06 2.00692617E+01
52 6.18854596E+00    3.02918095E+00  5.26770834E-01   2.65078847E+10 5.66374373E-01 5.85303748E-01   7.96844381E+06 1.92205640E+01
53 6.35125478E+00    3.21223997E+00  4.51941720E-01   2.71738351E+10 5.78527970E-01 5.88656731E-01   8.94429520E+06 1.81818626E+01
54 6.51747167E+00    3.47327943E+00  4.53943783E-01   2.79938037E+10 5.80820034E-01 5.66189247E-01   1.05415165E+07 1.68548020E+01
55 6.68722044E+00    3.65616897E+00  4.33622221E-01   2.86144141E+10 6.01647921E-01 5.72190795E-01   1.33842678E+07 1.51758130E+01
56 6.81686256E+00    3.89966485E+00  4.51976465E-01   2.90498972E+10 6.56134682E-01 5.80045153E-01   1.53423131E+07 1.43252826E+01
57 6.99283862E+00    4.02877533E+00  5.02045641E-01   2.95357494E+10 6.90853287E-01 5.58179736E-01   1.47869768E+07 1.45872483E+01
58 7.12716948E+00    4.21565625E+00  5.10220317E-01   2.97461606E+10 6.94562228E-01 5.63514437E-01   1.58636485E+07 1.41718593E+01
59 7.30941747E+00    4.43748501E+00  5.96308160E-01   2.99206065E+10 7.11653993E-01 5.86610249E-01   1.45605831E+07 1.47687681E+01
60 7.44846367E+00    4.51606077E+00  6.64055813E-01   3.01243322E+10 6.92905102E-01 6.02988304E-01   1.38084124E+07 1.51870196E+01
61 7.63700863E+00    4.65724117E+00  7.37189001E-01   3.04835513E+10 7.30674025E-01 6.01653365E-01   1.40634100E+07 1.51588463E+01
62 7.78078080E+00    4.76295409E+00  7.97653735E-01   3.08571204E+10 7.41346584E-01 6.00698721E-01   1.12973989E+07 1.67484946E+01
63 7.92657773E+00    4.85476681E+00  8.91819570E-01   3.13183838E+10 7.51471401E-01 6.06647020E-01   1.10318038E+07 1.69925532E+01
64 8.07439854E+00    4.96834328E+00  9.87042962E-01   3.22043790E+10 7.96980612E-01 6.00609628E-01   1.13660770E+07 1.68866133E+01
65 8.27463329E+00    5.20201556E+00  1.02873258E+00   3.38124008E+10 8.16343786E-01 6.29335924E-01   1.34338266E+07 1.59079799E+01
66 8.42715969E+00    5.31156274E+00  1.01669903E+00   3.52116458E+10 7.99928041E-01 6.13597978E-01   2.28770117E+07 1.28098024E+01
67 8.58169314E+00    5.43079611E+00  9.84757516E-01   3.64669711E+10 8.34893529E-01 6.27325773E-01   2.16884368E+07 1.30836163E+01
68 8.73822646E+00    5.53525415E+00  9.13807924E-01   3.77571307E+10 8.69737232E-01 6.43867726E-01   1.75736899E+07 1.42723222E+01
69 8.89675023E+00    5.64543685E+00  8.62315653E-01   3.86958238E+10 8.87532302E-01 6.35233278E-01   1.33923741E+07 1.59972386E+01
70 9.05725570E+00    5.71773967E+00  7.90701854E-01   3.94176830E+10 9.06237505E-01 6.33735758E-01   1.06932261E+07 1.75903284E+01
71 9.21973029E+00    5.75348796E+00  7.40704223E-01   3.97058386E+10 8.87998279E-01 6.26626234E-01   9.05708617E+06 1.88919471E+01
72 9.38416132E+00    5.73671115E+00  7.21257517E-01   3.97846729E+10 9.13290154E-01 6.39204838E-01   8.26443875E+06 1.96483392E+01
73 9.55053626E+00    5.75322925E+00  6.96745222E-01   3.97952390E+10 8.98442705E-01 6.37811618E-01   8.23529178E+06 1.96734504E+01
74 9.71883936E+00    5.73926562E+00  6.71425784E-01   3.98324507E+10 9.01679690E-01 6.47767745E-01   7.95214525E+06 2.00298010E+01
75 9.83210555E+00    5.74180894E+00  6.74506190E-01   4.00229973E+10 9.10941005E-01 6.63488141E-01   8.40168914E+06 1.96197192E+01
76 1.00035859E+01    5.77924467E+00  6.65654511E-01   4.01246090E+10 9.17466210E-01 6.62927476E-01   8.21466181E+06 1.98591943E+01
77 1.01769489E+01    5.77210532E+00  6.46458418E-01   4.04292858E+10 9.19103382E-01 6.68055119E-01   7.61548897E+06 2.05483452E+01
78 1.02935605E+01    5.76501596E+00  6.77663592E-01   4.05238135E+10 9.41096396E-01 6.82821350E-01   7.97906823E+06 2.01393378E+01
79 1.05292455E+01    5.79532660E+00  6.55787452E-01   4.11104870E+10 9.63438084E-01 6.88538443E-01   9.08158082E+06 1.91339988E+01
80 1.06483046E+01    5.78370843E+00  6.44308196E-01   4.16691039E+10 9.41736522E-01 6.88030634E-01   9.11921098E+06 1.91637960E+01
81 1.08283989E+01    5.76822223E+00  6.45337945E-01   4.26405642E+10 9.67605430E-01 7.10227771E-01   9.42649019E+06 1.89765554E+01
82 1.10102774E+01    5.86519067E+00  6.71607185E-01   4.35587011E+10 9.47813451E-01 7.05608458E-01   9.28706607E+06 1.91764950E+01
83 1.11325098E+01    5.97066947E+00  6.69979953E-01   4.41733123E+10 9.47036307E-01 7.22968438E-01   9.29611006E+06 1.91922169E+01
84 1.13173084E+01    6.11465748E+00  6.09017549E-01   4.51177999E+10 9.86387640E-01 7.28671055E-01   8.60445912E+06 1.98368744E+01
85 1.15038264E+01    6.11774648E+00  5.29807852E-01   4.63831011E+10 9.85785963E-01 7.50436584E-01   7.50181188E+06 2.10185815E+01
86 1.16291150E+01    6.09980989E+00  5.15405996E-01   4.77837583E+10 1.04918846E+00 7.65605196E-01   7.10341572E+06 2.15124683E+01
87 1.18184398E+01    6.15748884E+00  4.76655651E-01   4.98588977E+10 1.14970974E+00 7.50550216E-01   7.00029789E+06 2.16588268E+01
88 1.19455746E+01    6.17294912E+00  4.40452121E-01   5.07884557E+10 1.18246636E+00 7.50009352E-01   7.13190540E+06 2.14776460E+01
89 1.21376324E+01    6.17829795E+00  4.03496601E-01   5.24537266E+10 1.25713172E+00 7.34825023E-01   7.70697820E+06 2.07911022E+01
90 1.23312917E+01    6.18967573E+00  3.74998835E-01   5.45600934E+10 1.23209749E+00 7.26084062E-01   8.35975238E+06 2.00663646E+01
91 1.24612731E+01    6.27268795E+00  3.49829930E-01   5.55760566E+10 1.29257936E+00 7.24888573E-01   8.55872541E+06 1.98527503E+01
92 1.26575381E+01    6.35920857E+00  2.81810269E-01   5.67178780E+10 1.34865922E+00 7.38337998E-01   8.41477389E+06 1.99913918E+01
93 1.27892302E+01    6.30804101E+00  2.43662385E-01   5.72527257E+10 1.32439938E+00 7.39048865E-01   8.75592313E+06 1.96474664E+01
94 1.29880192E+01    6.29042806E+00  1.91373119E-01   5.78806061E+10 1.38990343E+00 7.80671439E-01   8.89506692E+06 1.95402684E+01
95 1.31213663E+01    6.35386733E+00  1.44282222E-01   5.80812547E+10 1.39880481E+00 7.53081927E-01   9.85615253E+06 1.87237780E+01
96 1.33225960E+01    6.27405976E+00  1.06805322E-01   5.88431817E+10 1.39429570E+00 7.57841343E-01   1.07079603E+07 1.80696322E+01
97 1.34575420E+01    6.28065235E+00  7.85801157E-02   6.01690060E+10 1.44502780E+00 7.61936576E-01   1.10846747E+07 1.78041839E+01
98 1.36611277E+01    5.92867360E+00  3.09922468E-02   6.23879942E+10 1.55357159E+00 7.80743763E-01   1.16302221E+07 1.74429437E+01
99 1.37976159E+01    9.82549459E-01  7.32148839E-05   6.37051694E+10 1.59331750E+00 7.73448609E-01   1.13795096E+07 1.75598712E+01
