25 2.14210194E+00   -2.84783922E-01  1.10876366E+00   4.24645632E+09 6.95242090E-01 8.06729081E-01   7.83132717E+06 1.89456110E+01
26 2.23439941E+00   -1.53027656E-01  1.16119794E+00   4.82680669E+09 6.74628990E-01 9.42444341E-01   1.22386000E+07 1.55460751E+01
27 2.38015340E+00   -3.54177716E-01  7.66414355E-01   6.99147429E+09 7.10112981E-01 7.51465792E-01   4.49748542E+07 8.61874767E+00
28 2.53513003E+00   -5.71279091E-01  1.02634964E+00   8.68883410E+09 8.97814988E-01 6.45882287E-01   2.69882924E+07 1.07250931E+01
29 2.68105280E+00   -5.62672254E-01  1.20146606E+00   1.03766956E+10 1.26983636E+00 6.75346524E-01   3.36330731E+07 9.76780760E+00
30 2.83506079E+00   -6.37172805E-01  1.15408006E+00   1.15440432E+10 1.34035502E+00 6.44132518E-01   6.95018984E+07 7.15110046E+00
31 2.97675957E+00   -6.08866175E-01  1.16627174E+00   1.25255429E+10 1.42969247E+00 6.62476003E-01   5.39964873E+07 7.89618376E+00
32 3.12521664E+00   -7.56473678E-01  1.11441689E+00   1.36753946E+10 1.60152010E+00 7.55726346E-01   6.12637492E+07 7.47517587E+00
33 3.28071066E+00   -7.19820989E-01  1.15309729E+00   1.49671716E+10 1.64844943E+00 6.88185029E-01   3.40843195E+07 9.74285491E+00
34 3.44351676E+00   -7.06490816E-01  1.23582420E+00   1.60798051E+10 1.73306764E+00 7.18836231E-01   2.34413908E+07 1.19235012E+01
35 3.58910175E+00   -6.55031179E-01  1.23279595E+00   1.74740664E+10 1.70970260E+00 6.74879181E-01   1.70780037E+07 1.51324609E+01
36 3.74044324E+00   -7.72952146E-01  1.27651148E+00   1.97541832E+10 1.82210910E+00 7.63611659E-01   3.72853486E+07 1.19275734E+01
37 3.89772404E+00   -6.13189049E-01  1.27032076E+00   2.34491879E+10 1.16875673E+00 7.22557239E-01   1.75053276E+07 1.64067045E+01
38 4.03345629E+00   -5.15109543E-01  1.39234870E+00   2.82216403E+10 1.22811584E+00 5.38698167E-01   7.50993744E+06 2.38571117E+01
39 4.20208812E+00   -4.67107224E-01  1.42094476E+00   3.45341672E+10 1.26896319E+00 5.26463713E-01   7.68279491E+06 2.32528990E+01
40 4.28880821E+00   -4.79736531E-01  1.34370752E+00   3.63012233E+10 1.14864171E+00 4.92484919E-01   7.45627754E+06 2.33939073E+01
41 4.49753845E+00   -4.63272995E-01  1.20664345E+00   3.84837292E+10 1.07521987E+00 4.75713811E-01   1.01676558E+07 1.99828494E+01
42 4.65222047E+00   -4.52842478E-01  1.21473648E+00   3.96720115E+10 1.10669825E+00 4.75134918E-01   1.04256057E+07 1.96788487E+01
43 4.81167486E+00   -5.26276498E-01  1.18829027E+00   4.10548857E+10 1.06299864E+00 4.44353277E-01   1.18384252E+07 1.85234534E+01
44 4.97598686E+00   -5.90984759E-01  1.08409673E+00   4.17668257E+10 1.12202735E+00 4.57880887E-01   1.49105749E+07 1.67782324E+01
45 5.11100219E+00   -6.64626098E-01  9.81760161E-01   4.22134749E+10 1.15249560E+00 4.57608763E-01   1.71764269E+07 1.58089858E+01
46 5.28429469E+00   -6.99206067E-01  8.17459449E-01   4.32999028E+10 1.12311761E+00 4.85103710E-01   1.94458596E+07 1.49610717E+01
47 5.42660278E+00   -7.15926370E-01  7.14059218E-01   4.44032594E+10 1.11274587E+00 4.96792294E-01   2.09560316E+07 1.45100298E+01
48 5.57222267E+00   -6.68867764E-01  6.24565070E-01   4.56272534E+10 1.15091310E+00 5.17589422E-01   2.01469656E+07 1.47416568E+01
49 5.72119264E+00   -5.98926676E-01  5.83656007E-01   4.70752351E+10 1.12654574E+00 5.07638729E-01   1.86773797E+07 1.51974444E+01
50 5.87354482E+00   -5.56101568E-01  5.82134268E-01   4.84161966E+10 1.13297032E+00 4.99500217E-01   1.83336879E+07 1.52354613E+01
51 6.06880067E+00   -5.02972645E-01  5.57010620E-01   4.91461601E+10 1.17731357E+00 5.11465080E-01   1.92709995E+07 1.48828399E+01
52 6.18854596E+00   -4.79672382E-01  5.43267852E-01   4.94784010E+10 1.15904106E+00 5.09664435E-01   1.95499405E+07 1.47718233E+01
53 6.35125478E+00   -4.39783187E-01  5.39841806E-01   4.98931871E+10 1.18266003E+00 5.31261594E-01   1.53803614E+07 1.63936141E+01
54 6.51747167E+00   -4.18015103E-01  5.36034807E-01   5.05978644E+10 1.14953374E+00 5.14290495E-01   1.64910523E+07 1.58848159E+01
55 6.68722044E+00   -4.30136263E-01  4.91978808E-01   5.19741395E+10 1.11238026E+00 5.10159969E-01   1.52714558E+07 1.64304200E+01
56 6.81686256E+00   -2.80750680E-01  4.58551645E-01   5.36421173E+10 1.15413707E+00 5.39929154E-01   1.50287462E+07 1.65367137E+01
57 6.99283862E+00   -2.88881642E-01  4.94908215E-01   5.54096001E+10 1.20538986E+00 5.35088702E-01   1.47895270E+07 1.66447193E+01
58 7.12716948E+00   -2.32047561E-01  4.96733921E-01   5.68243332E+10 1.24590055E+00 5.31096889E-01   1.52110687E+07 1.64236446E+01
59 7.30941747E+00   -2.85487201E-01  4.83889825E-01   5.79039391E+10 1.33614937E+00 5.23545897E-01   1.43260278E+07 1.68390219E+01
60 7.44846367E+00   -2.40874701E-01  4.77727817E-01   5.84158380E+10 1.31678728E+00 5.23760254E-01   4.81964139E+07 1.00455996E+01
61 7.63700863E+00   -9.29991209E-02  4.71137487E-01   5.88143640E+10 1.32990632E+00 5.38069156E-01   4.21946161E+07 1.06793063E+01
62 7.78078080E+00   -2.07477241E-02  5.13214453E-01   5.93649285E+10 1.40141310E+00 5.62787607E-01   3.99741162E+07 1.10066396E+01
63 7.92657773E+00   -5.78791240E-02  5.80998927E-01   6.01363826E+10 1.40745199E+00 5.65996740E-01   3.92521035E+07 1.12078993E+01
64 8.07439854E+00   -1.61991961E-01  6.27504567E-01   6.11575082E+10 1.51129079E+00 6.02734972E-01   3.68732931E+07 1.16432986E+01
65 8.27463329E+00   -1.50321402E-01  6.07234957E-01   6.29561903E+10 1.52287194E+00 6.12455778E-01   3.37381986E+07 1.22034094E+01
66 8.42715969E+00   -1.14519064E-01  6.67344513E-01   6.47376301E+10 1.58027389E+00 6.45668866E-01   2.71511014E+07 1.34195504E+01
67 8.58169314E+00   -1.32222143E-01  6.40280850E-01   6.61700642E+10 1.62551754E+00 6.66281904E-01   2.10250672E+07 1.49717041E+01
68 8.73822646E+00   -1.37940676E-01  6.23151248E-01   6.76017409E+10 1.67429267E+00 7.27876541E-01   1.62106347E+07 1.68111046E+01
69 8.89675023E+00   -1.28038253E-01  6.07752678E-01   6.87880134E+10 1.69630566E+00 7.50878574E-01   1.19165030E+07 1.92474179E+01
70 9.05725570E+00   -1.57749797E-01  5.67069617E-01   6.97639101E+10 1.64287037E+00 7.52705471E-01   8.96006675E+06 2.18446540E+01
71 9.21973029E+00   -1.91603963E-01  5.46221527E-01   7.03985907E+10 1.72520362E+00 7.68521812E-01   7.36089286E+06 2.39087494E+01
72 9.38416132E+00   -1.40510415E-01  5.14630229E-01   7.11760389E+10 1.75407245E+00 8.34859035E-01   7.25421751E+06 2.42370156E+01
73 9.55053626E+00   -1.03935767E-01  5.31233315E-01   7.14765757E+10 1.78837148E+00 8.36472180E-01   9.18656434E+06 2.20114316E+01
74 9.71883936E+00   -2.27957140E-01  5.23891431E-01   7.21945830E+10 1.78444612E+00 8.18623346E-01   8.89630202E+06 2.20894907E+01
75 9.83210555E+00   -2.14435117E-01  5.30705628E-01   7.26074519E+10 1.72844136E+00 8.14767152E-01   8.04204946E+06 2.29037791E+01
76 1.00035859E+01   -3.04299575E-01  4.95450634E-01   7.26016175E+10 1.79933377E+00 8.53746611E-01   6.52513160E+06 2.48085043E+01
77 1.01769489E+01   -3.12460755E-01  4.71374231E-01   7.24249960E+10 1.79936913E+00 8.65158741E-01   5.49730081E+06 2.64060958E+01
78 1.02935605E+01   -3.74474999E-01  4.56102271E-01   7.22815526E+10 1.79819209E+00 8.81005279E-01   4.99100420E+06 2.73478802E+01
79 1.05292455E+01   -4.35328368E-01  4.30734534E-01   7.19841507E+10 1.77812964E+00 8.92935530E-01   6.52743708E+06 2.41810124E+01
80 1.06483046E+01   -4.46038164E-01  4.19473162E-01   7.18497604E+10 1.79312298E+00 8.89854780E-01   4.47175805E+06 2.81731855E+01
81 1.08283989E+01   -4.60669360E-01  4.08137485E-01   7.16213053E+10 1.78153018E+00 9.10834730E-01   4.97357681E+06 2.66843721E+01
82 1.10102774E+01   -5.09795232E-01  3.75714477E-01   7.14379448E+10 1.75305855E+00 8.98627325E-01   1.10548248E+07 1.90569203E+01
83 1.11325098E+01   -5.20700257E-01  3.56027497E-01   7.13075177E+10 1.80255912E+00 9.10475417E-01   8.10854304E+06 2.15568093E+01
84 1.13173084E+01   -5.56159539E-01  3.25010876E-01   7.11409026E+10 1.77166997E+00 9.08362140E-01   5.90095369E+06 2.44885988E+01
85 1.15038264E+01   -5.99932858E-01  3.07098531E-01   7.09916584E+10 1.75960052E+00 9.12757646E-01   6.10088309E+06 2.41336695E+01
86 1.16291150E+01   -6.25600807E-01  2.97209092E-01   7.09044380E+10 1.76195356E+00 9.21682231E-01   6.37799359E+06 2.36681953E+01
87 1.18184398E+01   -6.14804876E-01  2.69288733E-01   7.07728164E+10 1.73514094E+00 9.22750878E-01   6.42571871E+06 2.35904278E+01
88 1.19455746E+01   -6.78032539E-01  2.55349404E-01   7.07008342E+10 1.76502318E+00 9.39657782E-01   6.36131642E+06 2.37255792E+01
89 1.21376324E+01   -6.59485392E-01  2.19990371E-01   7.06001448E+10 1.74777077E+00 9.48342414E-01   6.61012286E+06 2.34137648E+01
90 1.23312917E+01   -6.99151343E-01  2.00729996E-01   7.06158550E+10 1.76203774E+00 9.46089487E-01   7.78519569E+06 2.20289326E+01
91 1.24612731E+01   -7.00136066E-01  1.80496771E-01   7.12333382E+10 1.78034462E+00 9.53418199E-01   9.25325322E+06 2.06310584E+01
92 1.26575381E+01   -7.46006480E-01  1.32540233E-01   7.09318777E+10 1.68521475E+00 9.56158971E-01   9.64277932E+06 2.03054027E+01
93 1.27892302E+01   -7.43195259E-01  1.19505936E-01   7.08396510E+10 1.73605553E+00 9.73965558E-01   9.28692382E+06 2.06102956E+01
94 1.29880192E+01   -7.05097190E-01  9.18823209E-02   7.07840465E+10 1.73950310E+00 9.95455444E-01   8.13958595E+06 2.17816815E+01
95 1.31213663E+01   -7.43438408E-01  7.46803143E-02   7.07329379E+10 1.74805453E+00 1.00093894E+00   6.73733334E+06 2.36060368E+01
96 1.33225960E+01   -7.67152741E-01  4.59410549E-02   7.06113059E+10 1.75833793E+00 1.01600937E+00   5.90370043E+06 2.49313348E+01
97 1.34575420E+01   -9.20250543E-01  2.09345130E-02   7.05432514E+10 1.76597905E+00 1.00166329E+00   5.48405943E+06 2.57098128E+01
98 1.36611277E+01   -2.45193192E+00  5.00516970E-03   7.04933032E+10 1.75150193E+00 1.01473650E+00   5.56499128E+06 2.55022414E+01
99 1.37976159E+01   -2.37237227E+00  2.84286898E-05   7.05017984E+10 1.73491831E+00 1.02514673E+00   5.61814377E+06 2.53939988E+01
