25 2.14210194E+00    1.81216655E+00  1.19923252E+00   1.86376292E+09 3.01666694E-01 5.34027399E-01   3.26298075E+07 7.27299034E+00
26 2.23439941E+00    1.82246531E+00  1.35465494E+00   2.09716710E+09 3.58572420E-01 6.27052673E-01   6.20890472E+07 5.57656161E+00
27 2.38015340E+00    1.84178723E+00  1.10721332E+00   2.50111467E+09 3.12059011E-01 6.34793022E-01   1.00285297E+08 4.59300416E+00
28 2.53513003E+00    1.27735366E+00  7.24651769E-01   3.10038355E+09 2.38845666E-01 6.81530526E-01   5.35511860E+07 6.14576855E+00
29 2.68105280E+00    6.26762131E-01  8.04205662E-01   3.86692012E+09 2.68830219E-01 6.75418847E-01   7.44528400E+06 1.57651257E+01
30 2.83506079E+00    1.02417787E+00  7.38616097E-01   3.56703091E+09 4.00557776E-01 5.25969612E-01   6.09990965E+08 1.41457628E+00
31 2.97675957E+00    8.21894482E-01  9.77557318E-01   6.42181507E+09 3.60747616E-01 5.07788039E-01   1.58355905E+07 1.42831229E+01
32 3.12521664E+00    1.36953850E+00  8.12533286E-01   7.54713707E+09 1.91501049E-01 5.81704511E-01   4.18295027E+06 2.65398879E+01
33 3.28071066E+00    8.70521300E-01  1.25071557E+00   1.34115619E+10 8.66955648E-01 1.04824442E+00   7.91752269E+06 1.95603285E+01
34 3.44351676E+00    1.25365469E+00  8.47096918E-01   1.43794624E+10 1.85251296E-01 5.68259125E-01   7.99869149E+06 1.88066548E+01
35 3.58910175E+00    8.13027616E-01  1.33497240E+00   1.49140705E+10 8.79986226E-02 6.72752820E-01   8.04390843E+06 1.82970232E+01
36 3.74044324E+00    9.96971720E-01  1.02012101E+00   1.52707712E+10 1.02653563E-01 6.65469870E-01   1.65930934E+07 1.29609396E+01
37 3.89772404E+00    8.77538244E-01  1.15170661E+00   1.56925447E+10 1.37351248E-01 6.77420451E-01   1.86763051E+07 1.22543609E+01
38 4.03345629E+00    1.01881142E+00  1.13920838E+00   1.64487917E+10 2.03120806E-01 6.45936197E-01   7.94589222E+07 6.57246741E+00
39 4.20208812E+00    7.68075904E-01  1.04991977E+00   1.83688809E+10 2.65578631E-01 5.79685011E-01   6.53872802E+07 7.14512097E+00
40 4.28880821E+00    8.88057546E-01  1.07976717E+00   1.92392762E+10 3.15452461E-01 5.73828863E-01   1.98205310E+07 1.19770970E+01
41 4.49753845E+00    1.07373995E+00  1.06035187E+00   2.09257303E+10 3.45002233E-01 5.20782967E-01   1.93399873E+07 1.21308126E+01
42 4.65222047E+00    1.08634670E+00  1.13695211E+00   2.17418849E+10 4.10793870E-01 5.39401309E-01   1.87506851E+07 1.23198181E+01
43 4.81167486E+00    1.01607324E+00  1.09283889E+00   2.26343848E+10 4.58098224E-01 5.30651015E-01   1.74068903E+07 1.27201115E+01
44 4.97598686E+00    1.12108542E+00  1.09733275E+00   2.30966465E+10 5.26115428E-01 5.27557795E-01   1.44274300E+07 1.38547919E+01
45 5.11100219E+00    1.13987980E+00  1.15485998E+00   2.33679827E+10 5.54645626E-01 5.28052534E-01   4.44495070E+07 8.49065880E+00
46 5.28429469E+00    1.04906567E+00  1.30195674E+00   2.44370958E+10 6.02638727E-01 5.32428680E-01   8.11983574E+07 6.61756967E+00
47 5.42660278E+00    9.89651674E-01  1.25131094E+00   2.56217744E+10 6.83911974E-01 5.51411434E-01   6.63363387E+07 7.25338097E+00
48 5.57222267E+00    9.85365381E-01  1.17705170E+00   2.65873327E+10 6.95805757E-01 5.64007462E-01   6.95366771E+07 7.15358046E+00
49 5.72119264E+00    1.00778992E+00  1.17801895E+00   2.77437490E+10 6.91160764E-01 5.46890031E-01   5.72977000E+07 7.79840717E+00
50 5.87354482E+00    1.00106340E+00  1.17341499E+00   2.90492044E+10 7.39713999E-01 5.50690405E-01   5.19522208E+07 8.16922815E+00
51 6.06880067E+00    9.99869794E-01  1.23196977E+00   3.06584614E+10 8.40042522E-01 5.75258631E-01   3.93634111E+07 9.25185144E+00
52 6.18854596E+00    1.00964764E+00  1.30033899E+00   3.17276714E+10 9.24043733E-01 6.07285400E-01   3.97870673E+07 9.27877188E+00
53 6.35125478E+00    1.02184614E+00  1.37764826E+00   3.29176926E+10 9.56439568E-01 6.01396764E-01   1.92090453E+07 1.28026688E+01
54 6.51747167E+00    1.01696322E+00  1.44321678E+00   3.41047293E+10 9.83001074E-01 6.07531812E-01   2.07202776E+07 1.26818558E+01
55 6.68722044E+00    1.03906162E+00  1.46690386E+00   3.53623612E+10 9.96628505E-01 6.18880481E-01   1.18577066E+07 1.71497154E+01
56 6.81686256E+00    1.05457843E+00  1.53822156E+00   3.87182280E+10 9.84237248E-01 6.24808608E-01   3.42763804E+07 1.15568466E+01
57 6.99283862E+00    1.01784430E+00  1.44706893E+00   3.89100783E+10 9.73993213E-01 6.12291223E-01   1.47093398E+07 1.62241570E+01
58 7.12716948E+00    1.11543010E+00  1.35895165E+00   4.04518090E+10 9.96442034E-01 6.26933341E-01   6.26411537E+06 2.34868936E+01
59 7.30941747E+00    1.12357304E+00  1.42180049E+00   4.08924212E+10 1.05961310E+00 6.16446006E-01   3.82456456E+06 2.86200128E+01
60 7.44846367E+00    1.08668289E+00  1.44932349E+00   4.14927215E+10 1.04841751E+00 6.17222432E-01   6.65789044E+06 2.19787059E+01
61 7.63700863E+00    1.11196377E+00  1.52831790E+00   4.47117975E+10 1.07607414E+00 6.80459004E-01   8.22484110E+06 2.02215892E+01
62 7.78078080E+00    1.01837167E+00  1.49847292E+00   4.47307868E+10 1.07003782E+00 6.66656961E-01   8.08600536E+06 2.02752951E+01
63 7.92657773E+00    9.78719494E-01  1.20165937E+00   4.68191806E+10 1.09755457E+00 6.80554727E-01   8.23896585E+06 2.00987363E+01
64 8.07439854E+00    9.85803602E-01  1.04760286E+00   4.87519640E+10 1.00756636E+00 6.91115553E-01   7.16378521E+06 2.13284146E+01
65 8.27463329E+00    1.04235050E+00  1.03965582E+00   4.90027561E+10 1.11078032E+00 6.98498128E-01   6.23802294E+06 2.27126076E+01
66 8.42715969E+00    9.97153049E-01  9.42513110E-01   4.93033232E+10 1.09133249E+00 6.98714809E-01   6.50244583E+06 2.24101742E+01
67 8.58169314E+00    9.33681670E-01  8.01034595E-01   4.98967220E+10 1.06323401E+00 6.94350782E-01   7.66667151E+06 2.10481797E+01
68 8.73822646E+00    8.78529538E-01  6.60207002E-01   5.08708963E+10 1.09824064E+00 7.30689993E-01   9.70404228E+06 1.91809104E+01
69 8.89675023E+00    8.33418011E-01  4.86443078E-01   5.19980623E+10 1.07472905E+00 7.02676871E-01   1.21185376E+07 1.75944039E+01
70 9.05725570E+00    8.68460808E-01  3.67123607E-01   5.32124579E+10 1.14340054E+00 7.47449391E-01   1.18197887E+07 1.79388976E+01
71 9.21973029E+00    1.17014973E+00  2.29179212E-01   5.47650201E+10 1.17385053E+00 7.44000587E-01   1.15598287E+07 1.81886488E+01
72 9.38416132E+00    1.86336150E+00  2.29524383E-01   5.68020266E+10 1.21494935E+00 7.87318273E-01   1.17021662E+07 1.81297298E+01
73 9.55053626E+00    1.98354544E+00  2.91876781E-01   5.90362322E+10 1.22720987E+00 7.52868830E-01   1.17960696E+07 1.80728228E+01
74 9.71883936E+00    1.90388190E+00  3.49621127E-01   6.04086618E+10 1.29806764E+00 8.06280104E-01   1.24472617E+07 1.75864141E+01
75 9.83210555E+00    1.84602922E+00  3.35709975E-01   6.12207333E+10 1.30677655E+00 8.11696555E-01   1.15907633E+07 1.80807923E+01
76 1.00035859E+01    1.77401464E+00  3.05351335E-01   6.24569579E+10 1.35334305E+00 8.38421217E-01   1.01967514E+07 1.90064254E+01
77 1.01769489E+01    1.70777953E+00  2.19131499E-01   6.36563349E+10 1.37808073E+00 8.71294691E-01   8.84679793E+06 2.01080678E+01
78 1.02935605E+01    1.83413877E+00  1.51143225E-01   6.46791677E+10 1.39046116E+00 8.73310860E-01   8.34066548E+06 2.05618299E+01
79 1.05292455E+01    2.44654571E+00  1.68584405E-01   6.68215349E+10 1.43020373E+00 9.58602935E-01   7.85308808E+06 2.10009463E+01
80 1.06483046E+01    2.47626757E+00  1.85271188E-01   6.75893132E+10 1.47400032E+00 9.55863375E-01   7.46844534E+06 2.13957034E+01
81 1.08283989E+01    2.39713365E+00  2.11956131E-01   6.84359436E+10 1.53149986E+00 9.48851169E-01   7.15396550E+06 2.17191305E+01
82 1.10102774E+01    2.18671939E+00  2.04723965E-01   6.91345353E+10 1.52886838E+00 9.55563466E-01   8.91039237E+06 1.97268523E+01
83 1.11325098E+01    2.03445433E+00  2.04628072E-01   6.93014896E+10 1.51954139E+00 9.60509450E-01   8.35512112E+06 2.02345780E+01
84 1.13173084E+01    1.92763959E+00  1.55377805E-01   6.96237086E+10 1.56756601E+00 9.92460323E-01   8.32446074E+06 2.02309454E+01
85 1.15038264E+01    1.80279069E+00  1.27230986E-01   6.96861148E+10 1.56268095E+00 9.99906856E-01   8.62218877E+06 1.98997839E+01
86 1.16291150E+01    1.79704473E+00  9.74895805E-02   6.96602801E+10 1.54900236E+00 1.00200558E+00   8.44544491E+06 2.00577950E+01
87 1.18184398E+01    1.73192111E+00  5.44089415E-02   6.96676836E+10 1.52246246E+00 1.01968680E+00   7.89461625E+06 2.06453202E+01
88 1.19455746E+01    1.75829339E+00  4.08612294E-02   6.96356790E+10 1.56167226E+00 1.00993580E+00   7.98253685E+06 2.05475960E+01
89 1.21376324E+01    2.29300173E+00  4.42386404E-02   6.95303182E+10 1.54164218E+00 1.02829247E+00   7.64219474E+06 2.09770262E+01
90 1.23312917E+01    3.41378226E+00  2.89428349E-02   6.93679159E+10 1.54846913E+00 1.03356742E+00   7.74358085E+06 2.08886551E+01
91 1.24612731E+01    3.99008980E+00  6.07099664E-02   6.93186924E+10 1.56341868E+00 1.03075142E+00   7.34168354E+06 2.13787791E+01
92 1.26575381E+01    3.77968825E+00  6.28110770E-02   6.92442160E+10 1.55375581E+00 1.03374256E+00   6.24408907E+06 2.28722316E+01
93 1.27892302E+01    3.81572464E+00  5.55441936E-02   6.91387176E+10 1.51134542E+00 1.04279661E+00   5.63607004E+06 2.38705813E+01
94 1.29880192E+01    3.47695197E+00  4.95847974E-02   6.90581543E+10 1.54391644E+00 1.05812925E+00   4.88088528E+06 2.53983073E+01
95 1.31213663E+01    2.84605727E+00  4.14193047E-02   6.90377598E+10 1.56607256E+00 1.07494499E+00   4.48044179E+06 2.63780392E+01
96 1.33225960E+01    1.25432939E+00  2.31828813E-02   6.90050012E+10 1.59427901E+00 1.07349435E+00   4.79411454E+06 2.58095173E+01
97 1.34575420E+01    1.29544709E+00  2.72880019E-02   6.89220925E+10 1.53653078E+00 1.08286809E+00   4.08656803E+06 2.77287683E+01
98 1.36611277E+01    1.04828188E+00  2.52625815E-02   6.88581708E+10 1.56880304E+00 1.08971580E+00   4.29179251E+06 2.72709636E+01
99 1.37976159E+01   -6.18772641E-01  6.48550361E-04   6.88214360E+10 1.57137789E+00 1.09888892E+00   4.09640173E+06 2.78359053E+01
